1 29 2 
1 31 2 
1 12 3 
1 51 3 
1 102 3 
1 13 4 
1 14 4 
1 15 4 
1 57 2 
1 30 3 
1 37 3 
1 52 4 
1 142 4 
1 56 3 
1 66 3 
1 95 3 
2 12 1 
2 15 2 
2 51 3 
2 102 3 
2 14 4 
2 52 4 
3 5 3 
3 6 3 
3 90 3 
3 91 3 
3 119 3 
3 144 3 
4 166 3 
6 99 2 
6 115 3 
7 20 2 
7 56 3 
7 57 3 
7 58 3 
7 19 4 
8 48 1 
8 122 1 
8 20 3 
8 58 3 
9 21 2 
9 22 2 
11 27 3 
11 28 3 
11 160 4 
11 20 4 
12 86 2 
13 64 2 
13 65 4 
14 64 1 
14 65 4 
16 106 3 
17 106 2 
19 32 2 
19 67 2 
19 164 2 
20 87 3 
20 88 3 
20 104 3 
21 16 2 
22 68 1 
24 46 2 
24 47 2 
24 92 3 
26 145 1 
33 141 4 
35 166 1 
35 167 1 
35 132 3 
36 169 2 
36 168 3 
37 97 3 
37 121 3 
38 24 2 
39 24 2 
39 79 3 
40 24 2 
40 85  3 
43 39 3 
46 84 4 
46 123 4 
50 21 4 
50 94 4 
50 22 4 
51 94 1 
51 23 2 
51 105 2 
51 63 4 
52 21 2 
52 22 2 
53 33 3 
54 84 2 
54 24 3 
54 101 3 
54 123 -1
55 16 2 
56 14 4 
57 14 4 
57 12 4 
57 15 4 
58 23 4 
65 2 2 
65 3 2 
65 128 2 
65 4 3 
67 2 1 
67 3 1 
67 128 1 
67 4 3 
68 101 3 
68 62 3 
69 62 3 
70 62 2 
70 101 3 
70 24 4 
71 101 3 
72 21 2 
72 94 3 
72 128 4 
72 62 4 
73 25 4 
73 160 3 
73 68 3 
84 142 3 
87 50 4 
94 24 1 
94 101 4 
107 75 4 
108 75 3 
109 12 3 
110 31 3 
111 15 2 
115 51 2 
127 101 2 
127 164 2 
130 12 3 
156 82 3 
157 93 3 
157 161 3 
157 122 4 
157 25 2 
157 19 3 
157 35 3 
157 36 3 
157 44 3 
157 160 3 
161 54 2 
161 55 4 
162 111 1 
162 155 1 
162 54 3 
163 20 3 
163 56 3 
163 57 3 
165 71 1 
165 72 1 
166 40 2 
166 41 2 
166 74 2 
166 170 2 
167 82 3 
169 118 1 
169 157 1 
170 139 2 
171 141 4 
174 58 1 
174 36 2 
184 32 3 
184 67 3 
185 15 4 
186 161 4 
188 75 3 
190 15 1 
191 15 3 
196 51 2 
196 12 4 
196 13 3 
201 93 3 
201 110 4 
201 160 4 
202 48 4 
203 58 3 
203 19 3 
203 122 3 
204 63 3 
204 68 4 
208 163 3 
208 164 4 
209 45 4 
209 55 4 
215 37 4 
215 35 4 
216 156 1 
217 37 3 
218 24 1 
218 101 1 
218 93 3 
220 155 3 
220 111 4 
220 150 3 
220 62 3 
221 155 2 
221 62 3 
221 111 3 
221 150 3 
225 40 3 
225 161 4 